---
startPose:
  x: -30.0
  y: -60.0
  heading: 1.5707963267948966
startTangent: 0.0
waypoints:
- position:
    x: 50.0
    y: -45.0
  heading: 0.0
  tangent: 0.6981317007977318
  interpolationType: "CONSTANT"
- position:
    x: 50.0
    y: -33.0
  heading: 0.0
  tangent: 1.5707963267948966
  interpolationType: "CONSTANT"
- position:
    x: 50.0
    y: -60.0
  heading: 0.0
  tangent: 3.141592653589793
  interpolationType: "CONSTANT"
- position:
    x: 0.0
    y: -60.0
  heading: 0.0
  tangent: 3.141592653589793
  interpolationType: "CONSTANT"
resolution: 0.25
version: 1
